CreateTime,Duration,MaxWaitingTime
50,20,15
200,17,13
300,24,18
350,20,15
450,19,14
650,21,16
800,17,12
900,17,13
1150,22,17
1550,19,14
1700,24,18
1750,21,16
2400,23,18
2700,17,12
2950,21,16
3350,23,18
3550,16,12
3800,24,18
3950,20,15
4350,22,17
4400,21,16
4500,24,18
4950,18,13
5300,19,15
5500,21,16
5750,17,13
5900,22,17
6000,17,12
6050,21,16
6150,23,17
6200,20,15
6300,19,15
6400,23,18
6450,22,17
6600,19,14
6750,16,12
6800,21,16
7550,23,17
7700,24,18
7850,16,12
7900,23,17
8000,24,18
8050,21,16
8100,20,15
8200,21,16
8350,20,15
8850,24,18
9050,16,12
9150,17,13
9200,23,18
9300,24,18
9350,20,15
9600,24,18
9750,21,16
9850,19,15
9900,21,16
10100,24,18
10200,20,15
10350,24,18
10500,18,13
10800,23,18
11000,16,12
11100,21,16
11200,24,18
11250,23,18
11350,20,15
12100,22,17
12200,17,13
13000,22,17
13050,21,16
13150,18,13
13200,18,13
13300,16,12
13450,19,15
13600,24,18
13700,21,16
13900,19,14
13950,22,17
14200,23,17
15000,16,12
15150,17,13
15300,22,17
15500,24,18
15650,22,16
15700,23,17
15900,24,18
15950,20,15
16350,18,13
16600,18,14
16650,22,17
16750,16,12
17000,16,12
17100,23,17
17550,22,16
17600,17,13
17650,22,17
17700,18,14
18050,21,16
18250,21,16
18500,16,12
18750,23,17
18900,23,17
18950,18,13
19400,21,16
19600,21,16
20000,22,17
20050,20,15
20200,20,15
20300,22,16
20400,23,17
20550,18,13
20750,17,13
21100,22,17
21150,24,18
21250,16,12
21600,17,12
21750,16,12
22600,24,18
22800,17,12
23200,24,18
23250,16,12
23450,20,15
23650,23,17
23850,16,12
24350,20,15
24400,17,12
24500,19,14
24550,19,14
24650,18,13
24750,17,13
24800,18,14
25050,22,16
25100,16,12
25450,22,16
25700,17,13
25900,19,14
26250,20,15
26300,19,14
26400,16,12
26500,16,12
26650,20,15
26750,24,18
27500,21,15
28000,20,15
28150,20,15
28300,24,18
28500,19,14
28600,24,18
28850,21,16
29500,16,12
30000,22,16
30100,19,14
30200,20,15
30300,22,17
30500,16,12
30900,19,14
31150,24,18
31300,18,13
31400,17,12
31800,20,15
31900,19,14
31950,17,12
32000,18,13
32200,20,15
32250,20,15
32450,21,16
32850,16,12
33200,16,12
33300,22,17
33550,21,16
33650,22,16
33700,22,17
34050,23,18
34150,16,12
34600,19,14
34800,17,13
35050,24,18
35750,19,14
35950,20,15
36000,20,15
36350,22,17
36450,20,15
36600,22,17
36650,18,13
36750,20,15
36800,24,18
36950,17,13
37000,19,14
37050,21,16
37150,23,18
37700,19,14
38450,18,13
38650,18,13
38750,20,15
38900,22,16
39000,19,14
39050,21,16
39100,16,12
39650,16,12
39700,23,18
40100,23,18
40200,18,13
40300,17,13
40450,24,18
40600,19,14
40950,24,18
41100,20,15
41150,20,15
41350,19,14
41650,23,17
41750,19,15
42000,21,16
42500,22,16
43000,21,16
43100,22,17
43250,24,18
43350,19,14
43400,16,12
43600,16,12
43900,20,15
43950,19,15
44100,22,16
44350,19,14
44850,23,17
45000,18,13
45550,19,14
45600,20,15
45950,18,14
46700,19,14
46750,16,12
46950,20,15
47000,24,18
47050,18,14
47600,21,16
47650,21,16
47700,20,15
47950,18,13
48000,23,17
48400,23,18
48500,20,15
48600,19,14
48750,22,16
48800,16,12
48950,23,17
49050,19,15
49150,23,17
49200,21,15
49250,21,16
49300,22,17
49550,22,17
49650,24,18
49750,21,16
49800,24,18
50100,20,15
50150,20,15
50400,17,13
50500,23,18
50600,19,14
50650,22,17
50700,24,18
50750,20,15
50800,17,13
50850,16,12
51100,18,14
51200,18,14
51400,20,15
51450,18,14
51600,16,12
51650,24,18
51850,18,13
51900,21,16
52000,21,16
52450,17,13
52700,21,15
53150,17,13
53250,22,17
53350,22,16
53600,21,16
53650,19,14
53900,19,15
54000,23,18
54500,23,18
54550,20,15
54700,21,16
55050,16,12
55350,24,18
55750,24,18
55800,23,17
56250,17,13
56300,20,15
56450,21,16
56750,24,18
56900,16,12
57350,24,18
57450,16,12
57500,17,13
57650,21,16
57800,22,16
57950,20,15
58000,24,18
58050,20,15
58100,20,15
58800,22,16
58850,20,15
58950,17,13
59250,19,14
59600,20,15
59700,19,14
59900,18,14
60100,22,16
60200,20,15
60300,18,13
60500,24,18
60800,18,13
61150,16,12
61700,21,16
61750,21,16
61850,19,14
62150,18,13
63500,19,14
63850,21,16
63950,20,15
64550,23,17
65400,19,15
65750,21,16
65900,22,17
65950,20,15
66100,17,13
66250,20,15
66400,24,18
66700,16,12
66750,24,18
67200,16,12
67400,20,15
67500,24,18
67650,19,14
67800,17,13
67900,16,12
68300,20,15
68500,22,17
69100,20,15
69150,21,16
69600,20,15
69850,20,15
70250,16,12
70350,19,14
70750,24,18
70900,23,17
71000,23,17
71150,20,15
71400,20,15
71500,17,13
71950,20,15
73050,17,13
73100,18,14
73250,24,18
73450,22,16
73550,18,13
73700,23,17
73950,19,14
74100,23,17
74250,18,13
74300,23,17
74500,19,14
74600,21,16
74750,20,15
74800,17,13
74950,20,15
75350,19,14
75550,22,17
75800,19,14
75950,21,16
76150,24,18
76400,20,15
76500,23,18
76750,16,12
77050,16,12
77250,18,14
77350,19,14
77500,18,13
77600,22,17
77950,22,17
78000,19,14
78050,16,12
78100,20,15
78550,23,18
78600,20,15
78650,24,18
78900,17,13
79000,24,18
79050,21,16
79100,24,18
79200,17,13
79350,16,12
79450,24,18
79600,18,13
79750,22,17
80300,17,12
80450,23,18
80700,21,16
80850,17,13
81100,20,15
81150,19,15
81550,16,12
81750,16,12
81800,24,18
81950,18,13
82100,24,18
82200,18,13
82300,18,14
82400,24,18
82450,19,14
82550,23,18
82900,21,15
83350,21,16
83400,16,12
83450,23,18
83800,23,17
83950,23,18
84500,22,17
85100,24,18
85250,18,13
85300,18,14
85400,19,14
86000,16,12
86050,19,14
86100,19,14
86250,23,18
86300,21,16
86550,21,16
86650,18,13
86850,24,18
86900,20,15
87050,23,17
87150,16,12
87250,18,14
87350,18,14
88050,18,13
88150,24,18
88200,21,16
88350,21,16
88650,21,16
88700,21,16
88850,23,17
89000,16,12
89100,18,13
89300,16,12
89400,21,16
89450,19,14
89600,24,18
90150,19,14
90300,24,18
90500,18,13
90650,17,12
90700,22,16
90800,24,18
90850,17,13
91000,16,12
91200,16,12
91350,22,16
91600,20,15
91650,19,14
91700,19,14
91750,21,16
91950,16,12
92450,16,12
92700,24,18
92750,16,12
92800,20,15
92900,19,14
93100,22,16
93300,21,16
93450,23,17
93550,18,14
93700,17,13
93950,19,14
94100,21,16
94300,20,15
94800,18,14
95000,23,17
95150,19,14
95200,23,17
95250,20,15
95300,22,16
95500,18,14
95550,19,14
95750,21,16
95850,18,14
95900,17,12
96000,16,12
96050,17,12
96200,18,13
96250,18,13
96500,18,13
96550,16,12
96800,17,13
97150,17,13
97200,16,12
97450,23,17
97500,24,18
97600,19,14
98050,16,12
98450,17,12
98600,16,12
98650,18,13
98750,22,16
98900,16,12
99250,24,18
99400,24,18
99550,18,14
99700,19,14
99950,22,17
100400,22,17
100700,17,13
101000,18,14
101150,22,16
101300,24,18
101650,22,16
102450,18,14
102700,22,16
102950,19,14
103150,21,16
103250,24,18
103500,19,14
103700,18,13
103750,19,15
104100,19,14
104250,21,15
104450,17,13
104550,24,18
104600,17,13
104900,20,15
105150,21,16
105250,19,14
105300,19,15
105750,18,14
105850,21,16
106050,19,14
106250,20,15
106550,21,16
107000,18,13
107100,22,16
107500,18,14
107650,23,17
107900,22,16
108250,19,14
108350,20,15
108450,16,12
108550,24,18
108600,19,14
108800,18,13
108900,20,15
109050,22,16
109450,17,12
109800,21,16
109950,22,17
110350,16,12
110450,22,16
110500,23,17
110550,23,17
110750,18,14
111000,20,15
111050,22,17
111150,16,12
111200,17,13
111350,23,18
111900,16,12
112200,19,14
112250,22,17
112500,16,12
112650,16,12
113100,21,15
113200,18,13
113350,22,17
113400,19,14
113450,22,16
114050,18,14
114100,17,13
114650,22,17
114700,23,17
114750,24,18
115350,19,14
115700,21,16
115800,23,17
116050,22,16
116300,21,16
116350,23,17
116600,20,15
116750,22,17
116800,22,16
117350,18,13
117400,24,18
117900,20,15
118050,22,16
118150,18,13
118500,22,17
118550,24,18
118700,18,13
119100,21,16
119250,23,17
119350,18,14
119450,16,12
119550,18,13
119700,24,18
119850,19,14
119900,22,16
120150,18,13
120250,24,18
120300,22,17
120650,24,18
120900,20,15
121100,24,18
121450,24,18
121550,16,12
121900,23,17
122000,24,18
122100,24,18
122200,24,18
122250,18,14
122550,20,15
123200,16,12
123350,21,15
123450,21,16
123550,16,12
123650,22,17
123700,16,12
123950,16,12
124200,21,16
124500,20,15
124550,21,16
124950,22,17
125600,16,12
125800,20,15
125850,24,18
126050,20,15
126450,23,18
126600,16,12
126900,22,16
127000,19,15
127250,16,12
127450,19,14
127500,23,18
127650,23,17
127850,23,18
127900,17,13
127950,19,14
128200,16,12
128750,20,15
128800,23,17
129050,18,14
129150,23,18
129350,24,18
129500,24,18
130150,16,12
130650,23,17
130700,22,17
130750,19,15
130950,17,13
131100,17,13
131250,18,13
131450,22,16
131800,21,16
132100,20,15
132900,16,12
133050,17,13
133250,20,15
133400,19,14
133700,24,18
133800,20,15
133950,24,18
134450,23,18
134850,18,13
135300,20,15
135450,18,14
135650,17,12
135950,17,12
136050,22,17
136150,23,17
136350,23,18
136450,19,14
136900,16,12
137050,20,15
137250,22,17
137400,17,12
137650,22,17
137750,22,17
137800,16,12
138100,19,15
138200,17,12
138650,22,17
138850,19,14
139100,23,18
139300,20,15
139350,17,13
139500,19,14
139750,22,17
140650,19,14
141050,22,16
141350,22,16
141400,22,17
141700,24,18
141850,16,12
141900,16,12
141950,23,18
142050,19,15
142500,21,16
142650,20,15
142900,21,16
143700,24,18
143750,21,16
143800,24,18
143950,21,16
144050,18,14
144150,23,17
144200,17,13
144500,17,13
144650,24,18
144800,19,14
145000,18,14
145200,19,14
145450,19,14
145500,24,18
145650,23,18
145800,22,17
146000,20,15
146050,16,12
146100,22,17
146150,19,14
146500,24,18
146800,19,14
146950,23,17
147150,16,12
147200,16,12
147300,17,13
147400,19,14
148200,16,12
148250,19,14
148450,23,18
149750,22,16
149850,17,12
149900,18,13
150550,19,14
150600,20,15
150850,20,15
151050,22,17
151200,23,17
151400,20,15
152050,21,16
152300,24,18
152400,17,12
152650,23,17
152850,24,18
153050,19,14
153550,18,14
153600,18,14
153750,16,12
153800,17,13
154250,18,13
154350,18,14
154800,19,15
155250,23,18
155450,17,12
155550,22,16
155650,21,16
155850,23,18
155900,24,18
156050,21,15
156150,17,13
156250,20,15
156400,17,13
156550,23,17
156600,16,12
156650,22,16
156700,17,13
157150,17,12
157300,16,12
157500,20,15
157550,19,14
157700,16,12
158000,22,17
158050,20,15
158100,17,13
158300,19,14
158350,23,17
158650,20,15
159050,23,17
159350,22,16
159600,22,17
159700,23,17
160100,18,14
160300,24,18
160450,17,13
160750,20,15
160800,18,13
161100,18,13
161400,17,13
161550,22,16
161750,24,18
162300,21,16
162350,23,17
162400,17,13
162500,19,14
162600,17,12
162700,23,17
162850,18,14
163000,23,17
163150,18,14
163450,17,13
163500,17,13
163550,18,13
163600,21,16
163900,22,17
164000,18,13
164050,21,15
164150,24,18
164250,22,16
164400,22,16
164650,23,18
164800,16,12
164950,16,12
165000,18,13
165050,23,17
165200,19,14
165450,17,13
165550,18,13
165650,21,16
165850,20,15
166200,19,14
166350,24,18
166400,24,18
166700,19,14
166750,21,15
166900,23,17
167500,17,13
167700,20,15
168000,16,12
168200,16,12
168450,21,16
168500,20,15
168600,22,17
168700,20,15
168750,20,15
168850,20,15
169050,21,16
169150,22,17
169650,17,12
169850,23,18
170000,24,18
170350,18,13
170400,20,15
171300,20,15
171700,23,17
171750,23,18
172100,20,15
172500,21,16
172550,19,14
172800,16,12
172850,24,18
173000,20,15
173150,22,16
173250,19,14
173900,24,18
174100,18,13
174200,18,13
174250,23,18
174350,16,12
174500,24,18
174600,16,12
175100,16,12
175200,24,18
175400,22,16
175500,16,12
175550,19,14
175650,18,14
175700,21,16
176300,22,17
176550,18,13
176600,22,17
176650,20,15
176950,17,13
177150,23,17
177550,20,15
177850,17,12
177900,19,14
178200,20,15
178350,21,15
178500,22,16
179150,18,13
179250,21,16
179450,17,12
179600,16,12
179750,16,12
180100,17,12
180250,23,17
180550,19,14
180650,21,16
181350,17,13
181450,18,13
181550,22,16
181900,22,16
182600,17,12
182650,22,17
182950,24,18
183000,19,14
183150,23,18
183250,19,14
183350,20,15
183650,21,16
184000,24,18
184150,23,17
184350,17,13
184400,18,13
184450,20,15
184850,19,14
184900,24,18
185050,23,17
185150,23,17
185300,23,18
185400,23,17
185600,18,14
185700,19,14
185900,22,17
185950,20,15
186150,24,18
186200,23,18
186500,21,15
186600,24,18
187100,20,15
187250,24,18
187400,24,18
187550,21,16
187650,24,18
187700,16,12
187900,22,17
188150,16,12
188400,16,12
188750,20,15
189000,22,17
189200,20,15
189350,16,12
189900,16,12
190100,16,12
190500,18,14
190650,23,17
190750,24,18
190800,22,17
190900,21,16
191050,22,17
191300,24,18
191350,21,15
191750,23,17
191900,18,14
192100,20,15
192150,19,14
192300,19,14
192350,19,14
192400,18,13
192450,16,12
193050,20,15
193150,18,14
193200,20,15
193400,24,18
193700,22,16
193800,24,18
193950,18,13
194200,17,13
194300,17,13
194350,22,16
194700,19,14
194800,23,18
194850,18,14
194950,16,12
195250,19,14
196050,22,17
196150,18,13
196250,18,13
197050,19,14
197150,22,17
197450,24,18
197550,16,12
197750,24,18
198000,17,13
198600,20,15
198650,19,14
199000,17,13
199100,18,13
199450,20,15
199550,22,16
199650,19,14
199750,21,16
199900,22,17
200050,20,15
200250,18,13
200400,17,13
200550,20,15
200700,17,12
200850,19,14
201000,19,14
201050,20,15
201150,23,17
201400,21,15
201600,24,18
201650,19,14
201700,16,12
201900,18,13
202000,22,17
202450,24,18
202500,22,17
203000,17,13
203350,17,12
203550,16,12
203650,20,15
203700,17,12
203750,19,14
203800,19,14
203900,18,14
203950,19,14
204000,19,14
204150,22,17
204350,24,18
204400,22,16
204500,20,15
204550,18,13
204800,22,17
204900,16,12
205050,23,17
205400,23,17
205500,17,13
205600,17,13
205750,17,12
205850,23,17
205950,16,12
206000,17,13
206100,16,12
206200,20,15
206500,16,12
206850,23,17
206900,20,15
207000,16,12
207050,19,14
207300,18,14
207450,22,17
207800,20,15
207900,18,14
207950,21,16
208150,18,13
208300,19,14
208550,23,18
208600,23,17
208700,18,13
208800,22,16
209550,16,12
210000,21,16
210300,21,16
210750,17,12
211000,16,12
211250,21,16
211500,21,16
212150,24,18
212250,20,15
212750,24,18
212800,22,17
212900,20,15
213150,16,12
213500,18,14
213650,16,12
213750,19,14
213850,16,12
214100,23,17
214250,19,14
214450,20,15
214550,24,18
214650,18,13
215000,18,14
215050,21,16
215200,24,18
215250,24,18
215400,24,18
216050,17,12
216100,23,17
216450,19,15
216550,24,18
216600,18,14
216750,24,18
216800,19,14
216850,22,16
217200,19,14
217350,21,16
217400,24,18
217450,20,15
218300,19,14
218500,17,13
218550,20,15
218600,21,16
218800,20,15
218850,20,15
218950,17,13
219100,20,15
219150,24,18
219300,21,16
219450,24,18
219650,19,14
220150,16,12
220500,20,15
220600,22,16
220750,22,17
220950,23,17
221000,18,14
221350,24,18
221400,17,13
221500,16,12
221600,22,16
221800,20,15
221900,17,12
222200,16,12
222400,16,12
222500,20,15
222800,21,16
222950,21,16
223000,21,16
223150,21,16
223200,22,17
224350,16,12
224600,18,14
224650,16,12
224850,19,14
224900,19,14
224950,21,16
225450,23,18
225600,17,12
225850,22,17
226050,20,15
226450,24,18
226550,20,15
226700,24,18
226900,16,12
227000,23,18
227100,23,17
227150,18,13
227200,21,16
227350,23,18
227400,16,12
227450,22,16
227500,22,17
227550,20,15
227700,21,16
227900,21,16
227950,19,14
228100,21,15
228200,19,14
228400,16,12
228500,21,16
228550,24,18
228700,19,14
228750,24,18
229650,17,13
230250,18,13
230350,22,17
230400,20,15
230450,18,14
231700,18,14
232150,17,13
232800,19,14
232850,23,17
232950,20,15
233100,21,15
233150,22,17
233550,24,18
234050,17,13
234300,24,18
234350,17,13
234400,21,16
234600,18,14
234800,24,18
235350,22,17
235450,20,15
235500,16,12
235950,18,14
236250,23,17
236400,19,14
236700,22,17
237050,16,12
237150,16,12
237250,20,15
237350,16,12
237900,17,12
237950,21,16
238200,21,15
238250,21,15
238300,22,17
238450,23,17
238500,17,13
238850,19,14
238900,24,18
239100,18,14
239250,22,16
239450,22,16
239500,23,18
239550,18,13
239600,24,18
239750,24,18
239800,22,16
239950,17,13
240100,21,16
240150,18,13
240200,20,15
240250,18,13
240300,24,18
240550,22,16
240650,19,15
240900,17,12
240950,24,18
241000,23,18
241050,16,12
241100,21,16
241300,18,13
241800,16,12
241850,24,18
241900,22,17
242100,19,14
242850,24,18
243050,17,13
243650,19,14
244650,20,15
244800,17,12
244950,16,12
245100,17,13
245200,19,14
245250,21,16
245350,16,12
245700,23,18
246000,17,13
246400,16,12
246550,24,18
246650,19,15
247400,16,12
247500,23,18
247600,20,15
247950,18,13
248100,20,15
248950,23,17
249000,21,16
249400,23,18
249450,17,12
249650,21,16
249750,23,18
249900,18,13
250000,18,14
250350,19,14
250700,16,12
250900,21,16
251000,22,17
251300,16,12
251550,23,17
251650,24,18
251700,22,17
251800,18,13
251900,22,16
252050,20,15
252100,18,13
252300,18,14
252350,24,18
252450,19,14
252800,21,16
252850,21,15
252950,24,18
253350,23,18
253500,24,18
253700,21,16
253750,20,15
253850,19,14
254050,21,16
254450,22,17
254500,18,13
254800,20,15
255200,19,14
255400,18,13
255450,18,13
255500,23,18
255600,18,13
255900,22,17
256150,24,18
256400,16,12
256500,21,16
256600,20,15
256650,17,13
256700,16,12
256750,17,13
257100,24,18
257500,22,16
257550,23,17
257950,17,13
258100,24,18
258650,24,18
259000,17,13
259250,24,18
259300,18,13
259400,18,13
259650,20,15
260050,21,16
260550,24,18
260800,18,14
260850,21,16
261050,23,18
261100,21,16
261250,24,18
261450,24,18
261550,23,17
261600,18,14
262000,21,16
262200,20,15
262250,16,12
262300,23,17
262900,18,13
263100,20,15
263200,19,14
263550,24,18
263600,22,17
263650,17,13
263750,19,14
263950,24,18
264200,22,16
264500,16,12
264700,24,18
264900,22,17
265200,18,13
265350,22,17
265700,22,17
265750,16,12
266050,21,16
266150,16,12
266350,16,12
266450,22,17
266500,18,13
266650,18,13
266700,19,15
266900,18,13
266950,17,12
267100,24,18
267200,20,15
267300,17,13
267600,17,13
267750,24,18
267900,19,14
268050,17,13
268100,23,17
268300,19,14
268350,22,16
268550,20,15
268900,23,17
269100,16,12
269450,20,15
269600,16,12
269650,17,12
269700,22,17
269800,18,14
270500,18,13
270800,22,16
270850,17,12
270900,19,14
271050,17,13
271450,18,13
271600,23,17
272350,22,16
272500,20,15
272550,19,14
272600,18,13
272800,21,16
273300,24,18
273350,16,12
273500,17,13
273550,22,17
273800,23,17
274000,21,16
274450,18,13
274550,22,16
274800,22,17
274950,21,16
275200,22,17
275250,24,18
275350,23,18
275400,16,12
275750,18,13
275800,18,13
275850,21,16
275950,21,15
276050,24,18
276100,21,16
276250,20,15
276300,24,18
276350,17,13
276500,21,16
277400,16,12
277950,20,15
278100,19,14
278450,24,18
278550,19,14
278600,18,13
278750,23,18
278800,23,17
279200,20,15
279250,23,17
279450,22,16
279500,19,14
279550,21,16
280450,18,14
280700,22,16
280750,19,14
281050,23,18
281150,16,12
281550,21,15
281750,21,16
281800,24,18
281850,17,13
282100,20,15
282150,17,13
282200,24,18
282450,21,15
282650,16,12
282850,24,18
283050,19,15
283250,22,16
283450,16,12
283800,16,12
283900,24,18
283950,21,15
284200,22,17
284850,18,14
285200,18,14
285250,19,14
285400,18,14
285600,20,15
285650,23,17
286000,24,18
286100,19,15
286250,16,12
286500,19,14
286650,23,18
286950,21,16
287200,18,14
287550,23,18
287850,21,16
288550,22,16
288600,20,15
288800,19,14
288950,20,15
289050,21,16
289150,23,17
289450,16,12
289600,17,13
290100,24,18
290200,23,17
290250,17,13
290350,24,18
291100,19,14
291250,23,17
291750,22,17
291800,21,16
292050,20,15
292300,16,12
292450,20,15
292650,19,14
292800,16,12
292950,20,15
293350,22,16
293450,16,12
293500,23,17
293550,24,18
294250,22,17
294300,19,14
294350,22,17
294450,17,12
295050,24,18
295400,23,17
295700,16,12
295750,23,17
295800,24,18
295850,20,15
296700,21,16
296800,19,14
296850,24,18
296950,24,18
297150,18,13
297250,16,12
297350,19,14
297650,20,15
297900,19,14
298150,23,18
298350,21,16
298850,21,16
299100,19,14
299150,22,17
299200,19,14
299350,20,15
299500,22,17
299650,20,15
299750,20,15
299800,17,13
300050,23,17
300150,19,14
300450,22,16
300550,22,16
300900,16,12
301200,21,16
301300,19,15
301350,23,17
301450,23,18
301500,19,14
301550,23,17
302000,20,15
302050,23,17
302100,18,13
302650,24,18
302750,16,12
303650,17,13
303700,21,16
303900,17,12
304000,24,18
304150,17,12
304400,18,13
304450,22,16
304700,24,18
304900,19,14
305050,17,12
305150,16,12
305500,16,12
305750,22,17
306300,19,15
306350,16,12
306400,21,16
306650,19,14
307050,23,17
307100,22,16
307450,18,14
307950,22,17
308300,17,13
308550,23,18
308750,22,16
309250,21,16
309300,21,16
309550,21,16
309800,16,12
309950,16,12
310100,16,12
310250,23,17
310500,17,12
310550,22,17
310700,18,14
310800,19,14
311050,17,13
311150,19,14
311350,20,15
311450,16,12
311600,21,16
311700,21,16
312000,22,16
312050,19,14
312200,24,18
312700,20,15
312850,19,15
313200,16,12
313400,19,15
313600,18,14
314200,18,13
314250,17,13
314400,24,18
314500,20,15
314550,22,16
314700,18,14
314800,24,18
315150,22,17
315200,20,15
315500,18,14
315600,20,15
315850,21,16
315900,21,16
315950,24,18
316150,18,13
316200,18,14
316350,24,18
316850,18,13
316950,19,15
317200,16,12
317350,24,18
317650,18,13
317800,23,18
317900,23,17
317950,17,12
318000,21,16
318050,16,12
318600,23,18
318700,24,18
318750,17,12
318950,18,13
319600,21,16
320050,17,13
320250,22,17
320400,23,17
320500,24,18
320600,23,17
320900,21,16
321000,16,12
321050,24,18
321100,19,14
321300,19,14
321550,24,18
321700,17,13
321750,20,15
321900,24,18
322100,16,12
322350,23,17
322550,16,12
322700,21,16
323050,21,16
323150,17,13
323300,21,16
323650,19,14
323850,19,14
323900,24,18
324000,18,14
324050,17,13
324100,19,14
324150,16,12
324200,18,14
324400,16,12
324450,23,17
325600,18,14
325650,16,12
325700,23,18
326050,20,15
326150,24,18
326200,16,12
326550,18,14
326600,20,15
327100,18,14
327300,17,12
327400,20,15
328300,22,16
328500,20,15
328600,18,14
328750,22,16
328900,18,13
329000,17,13
329100,21,16
329150,18,13
329200,23,17
329450,18,13
329750,20,15
329800,16,12
330100,16,12
330200,23,17
330250,18,14
330300,23,17
330350,21,16
330700,21,16
330950,17,13
331050,16,12
331200,22,16
331400,18,14
331700,21,16
331750,21,16
331950,16,12
332100,21,16
332300,19,14
332750,16,12
332950,22,16
333000,22,17
333100,17,13
333150,18,14
333350,16,12
333600,17,12
334050,21,16
334100,24,18
334200,21,16
334250,21,16
334400,24,18
334650,17,13
334950,19,14
335350,16,12
335800,18,14
336050,20,15
336100,23,17
336300,16,12
336400,23,18
336450,22,16
336500,21,16
336600,18,13
336650,22,16
336800,23,18
336850,17,12
337150,16,12
337350,22,17
337500,19,14
337750,24,18
337800,22,17
338050,21,16
338100,21,16
338450,22,17
338550,21,15
338700,20,15
338900,16,12
338950,17,12
339000,17,13
339600,24,18
339650,23,18
339700,17,13
339950,19,14
340100,17,13
340400,16,12
340750,22,16
341150,24,18
341250,22,16
342000,21,16
342500,24,18
342900,16,12
343100,22,17
343400,24,18
343450,23,17
343500,22,16
343750,20,15
343850,20,15
344000,16,12
344350,18,14
344450,17,13
344500,16,12
344800,19,14
345100,18,13
345150,16,12
345200,24,18
345250,24,18
346200,19,14
346450,20,15
346550,23,17
346600,20,15
346700,18,14
347050,19,14
347300,21,16
347450,17,12
347500,16,12
347550,20,15
347600,17,13
347850,16,12
347900,21,16
348100,17,13
348250,17,12
348850,19,14
348900,17,12
348950,19,14
349150,23,18
349300,24,18
349350,21,16
349600,23,17
349800,16,12
350000,16,12
350050,16,12
350400,24,18
350550,23,17
350750,24,18
350800,24,18
351200,20,15
351250,24,18
351500,19,14
351550,18,13
351650,16,12
352200,18,14
352350,20,15
352550,23,17
352750,17,13
352950,22,16
353050,21,16
353150,17,12
353200,23,18
353250,22,17
353500,17,13
353750,18,14
353900,19,14
354100,20,15
354400,17,12
354750,16,12
355050,21,16
355150,18,13
355400,23,17
355750,17,12
355800,24,18
355950,18,14
356100,21,16
356200,19,14
356600,22,17
356800,19,14
356950,19,14
357000,21,15
357300,21,16
357450,17,13
357500,20,15
357600,21,16
357800,22,17
358150,22,17
358300,20,15
358500,23,18
358550,21,16
358650,21,15
358950,24,18
359000,22,17
359200,18,13
359350,23,18
359750,23,17
359950,16,12
360300,23,18
360750,23,17
361500,22,16
361600,20,15
361700,22,17
361750,24,18
361950,18,14
362100,18,13
362200,17,12
362450,18,13
363100,19,14
363150,23,17
363250,22,17
364300,17,13
364600,16,12
364850,22,17
365000,18,14
365200,16,12
365300,20,15
365500,22,16
365650,18,13
366600,21,16
366700,20,15
366750,21,16
366800,24,18
366950,18,13
367000,20,15
367050,16,12
367200,18,13
367450,16,12
367700,24,18
367900,16,12
367950,20,15
368050,21,15
368100,20,15
368250,24,18
368450,22,17
368650,23,18
368700,23,17
368900,22,17
368950,23,18
369000,17,13
369100,20,15
369250,20,15
369300,19,14
369550,22,16
369600,17,12
369650,20,15
369750,20,15
370300,18,13
370500,19,14
370550,17,13
370850,19,14
371450,16,12
371600,22,17
371750,18,14
371850,18,13
371900,16,12
372050,20,15
372250,20,15
372450,20,15
372600,18,13
372650,16,12
373000,16,12
373050,19,14
373250,18,14
374000,18,14
374050,17,13
374100,21,16
374700,16,12
375150,24,18
375250,19,15
375550,18,13
375600,22,17
375750,23,17
376000,16,12
376150,17,12
376300,16,12
376400,18,13
376500,18,13
376800,16,12
377300,24,18
377600,21,16
377750,24,18
377850,21,16
378300,22,17
378650,21,16
378950,19,14
379550,23,17
379800,17,13
380050,22,17
380900,22,17
381300,18,14
381400,19,14
381600,18,13
381900,21,16
382150,17,13
382550,19,14
382700,17,13
382750,16,12
382850,19,14
382950,24,18
383150,23,17
383350,19,14
383450,18,13
384100,24,18
384150,24,18
384350,21,16
384450,18,14
384700,22,16
384900,17,13
384950,18,13
385050,22,17
385100,18,14
385700,19,14
385750,20,15
386000,22,16
386050,16,12
386200,19,15
386250,21,16
386850,21,16
387300,24,18
387500,19,14
387700,19,15
388150,19,14
388250,18,13
388400,17,12
388550,24,18
388750,20,15
388850,17,13
389000,23,18
389100,22,17
389250,23,18
389350,17,13
389400,23,17
389900,17,12
389950,17,13
390100,17,13
390150,22,17
390350,21,16
390550,23,18
390600,24,18
391000,16,12
391100,17,12
391700,16,12
391900,20,15
392100,24,18
392200,24,18
392400,24,18
392450,22,17
392550,24,18
392800,17,12
392850,24,18
392950,21,15
393000,19,14
393200,20,15
393600,21,16
394400,19,14
394500,16,12
394600,24,18
394900,23,18
394950,24,18
395050,17,13
395150,17,12
395500,23,17
395550,20,15
395700,19,14
395800,21,16
395850,20,15
395900,18,13
396050,19,14
396250,20,15
396300,18,14
396450,22,17
396500,22,16
396700,22,16
396750,23,17
396800,17,13
397250,19,14
397700,24,18
398000,19,14
398150,17,12
398500,24,18
398700,22,17
398900,17,13
399100,22,17
399350,22,17
399700,18,14
400050,22,17
400100,19,14
400450,20,15
400650,23,17
401200,17,13
401450,22,17
401850,23,17
402150,23,18
402250,23,17
402650,24,18
402850,18,14
402900,21,15
402950,17,12
403000,18,14
403100,20,15
403200,22,17
403450,19,14
403750,20,15
403850,23,17
403950,17,13
404000,23,18
404250,22,17
404300,21,16
404500,19,14
404900,24,18
405100,17,12
405400,21,16
405750,22,17
405850,16,12
406050,19,14
406200,24,18
406250,16,12
406900,22,16
407000,16,12
407450,23,18
407550,16,12
407600,22,17
407850,21,15
408200,18,14
408350,20,15
408550,24,18
409450,23,17
409550,23,17
409850,24,18
410000,24,18
410100,23,17
410350,22,17
410750,16,12
410950,21,16
411150,17,13
411300,18,14
411400,22,17
411550,24,18
411600,21,16
411750,20,15
411850,24,18
411950,23,17
412050,16,12
412150,23,17
412400,16,12
412450,17,13
412550,16,12
412750,23,17
412800,19,14
412850,16,12
413400,18,13
413450,24,18
413700,16,12
413950,20,15
414050,19,14
414400,16,12
415050,23,18
415250,17,12
415650,18,13
415800,18,13
416250,16,12
416700,24,18
416850,22,16
417550,20,15
418050,16,12
418300,19,14
418350,21,16
418500,17,12
418550,23,18
418650,16,12
418750,17,13
419150,17,13
419200,16,12
419300,21,16
419350,23,18
419450,18,14
419500,21,16
419600,22,17
419900,18,14
420850,19,14
421050,24,18
421200,16,12
421250,19,14
421700,24,18
421750,22,16
422100,24,18
422250,22,16
423050,20,15
423200,17,13
423300,17,13
423800,20,15
424000,21,16
424100,21,16
424250,19,14
424300,19,14
424500,16,12
424800,16,12
425000,21,16
425200,22,16
425250,22,16
425300,20,15
425450,24,18
425550,24,18
425600,18,14
425750,23,17
426050,16,12
426200,23,17
426250,20,15
426500,21,16
426600,16,12
426650,19,14
427100,17,12
427250,23,17
427400,23,18
427450,18,14
427550,16,12
427600,20,15
428400,23,17
428450,23,17
428550,17,13
428600,22,16
428900,16,12
429050,24,18
429150,22,16
429200,21,16
429350,21,16
429750,20,15
430200,22,17
430300,17,13
430500,23,17
430550,17,13
430600,24,18
430900,16,12
431200,21,16
431300,23,18
431350,24,18
431600,16,12
431650,17,12
431700,16,12
431850,21,16
432050,17,13
432250,17,13
432450,24,18
432750,17,12
433250,22,17
433300,18,14
433350,22,17
433500,23,17
434500,16,12
434550,19,14
434650,21,16
434850,18,14
434900,23,17
435350,21,15
435550,16,12
435700,20,15
436100,16,12
436150,18,13
436300,21,16
436350,18,13
436450,21,16
436550,16,12
437050,18,14
437100,23,17
437450,23,18
437600,19,14
437850,16,12
438200,18,13
438350,16,12
438650,19,14
438800,24,18
439000,19,14
439050,22,17
439100,18,13
439550,24,18
439750,20,15
439800,16,12
439900,23,17
440200,24,18
440550,18,14
440600,23,17
440850,22,16
440900,22,17
441000,23,17
441300,17,13
441350,24,18
442150,17,13
442250,20,15
442300,21,16
442350,19,14
442650,24,18
442800,23,17
443200,20,15
443250,23,17
443300,24,18
443450,16,12
444000,24,18
444300,17,12
444600,18,13
444700,18,14
444750,18,13
444800,20,15
445600,23,17
445700,21,16
446000,19,14
446150,18,13
446250,21,15
446300,20,15
446800,21,16
446850,20,15
447050,19,14
447250,18,13
447300,18,13
447350,19,14
447800,19,14
447850,24,18
447900,19,14
448200,20,15
448350,21,16
448800,24,18
449100,18,13
449200,21,16
449350,22,16
449650,21,16
449700,19,15
449750,16,12
449800,24,18
450600,24,18
450800,18,13
450850,24,18
451850,21,15
452050,24,18
452700,20,15
452800,21,16
452900,16,12
453050,19,14
453200,24,18
453300,16,12
453550,19,14
453650,24,18
453800,18,14
453850,21,16
453900,23,18
454050,16,12
454450,16,12
455050,22,16
455100,21,16
455300,17,12
455550,19,14
455600,16,12
455750,22,17
455850,19,14
456050,20,15
456150,18,13
456200,16,12
456300,21,16
456550,23,17
456600,17,13
457300,17,13
457600,18,14
457650,19,14
457750,21,16
457850,18,14
458150,22,16
458600,24,18
458800,19,14
459000,22,17
459150,21,16
459250,18,13
459450,16,12
459550,24,18
459700,18,13
459850,16,12
460500,22,16
460650,21,16
461050,21,16
461100,22,17
461250,21,16
461600,21,16
461700,22,17
461800,20,15
462000,23,17
462150,20,15
462450,17,13
462850,17,12
463150,17,12
463300,20,15
463950,18,13
464500,20,15
464650,20,15
464800,20,15
465200,22,17
465500,23,17
465850,16,12
465900,21,16
466300,22,16
466500,19,14
466800,17,13
467000,16,12
467200,21,16
467300,24,18
467450,24,18
467550,23,18
467600,19,14
467850,16,12
468400,20,15
468450,19,14
468650,23,17
468700,21,16
469000,20,15
469150,23,17
469200,17,13
469250,20,15
469300,20,15
469600,23,17
469950,21,15
470000,17,12
470050,17,12
470200,20,15
470300,23,17
470450,24,18
470550,20,15
470750,16,12
470900,22,17
471050,20,15
471200,18,13
471250,19,15
471500,24,18
471650,16,12
472400,24,18
472450,18,13
472550,21,16
472650,21,16
472700,16,12
472800,23,17
472900,21,15
473100,24,18
473250,17,13
473350,16,12
473400,21,16
473450,23,17
473750,22,16
473850,21,16
473900,16,12
474000,22,17
474450,19,14
474500,17,13
474700,19,14
475000,18,14
475250,16,12
475400,20,15
475500,17,13
475750,21,16
475850,17,13
476000,22,16
476050,20,15
476400,23,18
476500,17,13
476750,23,17
477250,23,18
477350,16,12
477400,19,14
477950,22,16
478000,21,16
478300,18,13
478600,17,13
478800,20,15
478900,20,15
479100,22,16
479150,18,13
479200,21,16
479250,24,18
479300,16,12
479350,24,18
480000,16,12
480100,18,13
480150,23,17
480350,16,12
480450,24,18
480550,17,12
480750,16,12
480900,16,12
481000,22,16
481850,16,12
481900,19,14
482000,16,12
482200,24,18
482300,20,15
482350,18,14
482400,18,13
482550,22,16
482700,22,17
483150,18,14
483850,17,13
484000,21,16
484750,19,14
484850,16,12
485000,24,18
485250,22,17
485450,20,15
485700,23,18
485850,21,16
486650,22,16
486700,16,12
486900,19,14
486950,21,16
487250,17,13
487550,22,17
487600,17,12
487850,20,15
488400,22,16
488600,23,17
488800,17,13
489000,22,17
489850,23,17
489950,24,18
490000,22,16
490050,21,16
490200,18,13
490300,18,13
490650,18,13
490700,16,12
490750,18,13
490800,19,14
491000,20,15
491050,24,18
491200,22,16
491250,23,17
491500,18,13
491650,21,16
491700,18,13
491800,23,17
491850,18,14
491900,20,15
492100,18,13
492250,19,14
492700,19,14
492800,21,16
493650,22,16
493700,23,17
493750,23,17
493800,17,13
493850,18,14
494050,23,17
494100,21,16
494200,23,18
494450,21,16
494700,21,15
495150,19,14
495300,21,16
495350,22,17
495550,19,14
495700,22,17
495950,20,15
496200,18,13
496300,23,17
496650,19,14
496700,18,14
496800,20,15
497150,20,15
497350,24,18
497400,19,14
497700,20,15
497750,20,15
497800,18,13
497850,23,17
498000,20,15
498050,21,16
498400,20,15
498500,20,15
499000,21,16
499300,16,12
499400,24,18
499650,19,14
499700,19,14
499850,16,12
499900,22,17
500450,19,14
500750,23,17
501000,22,16
501050,18,14
501250,17,12
501550,20,15
501750,21,16
501900,23,18
502100,23,17
502250,17,12
502450,23,17
502550,18,13
502600,19,14
502850,24,18
502950,16,12
503150,16,12
503300,17,13
503550,24,18
503600,20,15
503750,22,17
503900,23,17
503950,21,16
504100,23,17
504150,19,14
504650,24,18
504700,16,12
504850,23,18
505000,24,18
505150,22,16
505350,19,14
505550,19,14
505650,16,12
505900,17,13
505950,16,12
506150,16,12
506200,20,15
506250,23,17
506300,17,13
506500,23,17
507000,23,18
507050,23,17
507500,21,16
507700,19,14
508000,22,16
508100,22,16
508550,19,14
508800,16,12
509250,20,15
509550,21,16
510000,24,18
510050,22,17
510300,20,15
510400,24,18
510800,18,14
510950,24,18
511000,23,17
511050,24,18
511100,18,14
511200,19,14
511450,16,12
511750,21,15
512050,22,16
512100,17,13
512150,20,15
512300,23,17
513200,23,17
513350,16,12
513600,19,14
513750,24,18
513850,20,15
514150,18,13
514350,16,12
514500,17,13
515100,21,16
515400,24,18
515600,17,13
515900,17,13
516000,16,12
516100,22,16
516200,20,15
516550,24,18
517050,19,14
517400,19,14
517800,22,17
517850,21,16
518200,23,18
518550,17,12
518700,23,17
518900,17,12
519100,18,13
519450,20,15
519500,20,15
519950,22,17
520100,22,17
520350,18,14
521200,16,12
521450,19,15
521550,24,18
521600,24,18
521800,24,18
522050,18,14
522350,22,17
522450,21,16
522650,16,12
522700,22,17
522800,22,16
523200,18,14
523650,18,14
524050,19,14
524300,22,17
524450,21,16
524550,24,18
524750,21,16
525050,23,18
525200,17,12
525400,18,13
525450,19,14
525650,20,15
526050,23,17
526200,24,18
526300,21,16
526600,18,13
527000,17,13
527150,22,16
527250,24,18
527500,22,17
527750,18,14
528150,19,15
528350,18,14
528400,23,18
528550,22,17
528900,18,13
529100,17,13
529250,23,17
529300,17,13
529450,17,13
529600,22,16
529700,18,13
529900,16,12
530050,24,18
530150,21,16
530200,23,17
530500,20,15
531100,19,14
531200,21,16
531250,21,16
531550,23,18
531700,23,18
531850,21,16
532000,16,12
532150,22,17
532450,24,18
532600,17,13
532750,16,12
532800,18,13
533700,16,12
534200,21,16
534600,24,18
535400,17,12
535650,16,12
536000,19,14
536550,23,18
536800,16,12
537000,20,15
537150,24,18
537300,18,14
537500,22,16
537800,23,17
537850,21,16
538000,24,18
538500,20,15
538700,17,12
538750,19,14
539400,23,17
539750,18,14
540050,23,17
540100,22,17
540300,23,17
540850,16,12
540950,19,14
541150,23,17
541400,19,15
541500,23,17
541550,17,13
541650,17,13
541800,23,17
541900,17,12
542050,17,13
542250,20,15
542650,17,13
542850,21,16
543050,22,16
543250,16,12
543300,16,12
543450,21,16
543600,22,17
543700,23,17
543800,24,18
544000,20,15
544150,19,14
544350,24,18
544500,16,12
544600,17,13
545200,21,16
545550,20,15
545650,21,16
545750,21,15
545850,19,14
545950,22,16
546050,19,14
546150,18,14
546400,23,17
546450,24,18
547000,22,17
547050,17,13
547200,24,18
547250,16,12
547400,23,17
547550,19,14
548100,17,13
548150,17,13
548250,20,15
548400,18,14
548600,20,15
548700,19,14
549250,23,17
549400,16,12
549450,19,14
549800,17,13
549950,21,16
550050,24,18
550200,23,17
550750,18,14
551400,22,16
551650,19,14
551800,23,17
552150,17,13
552750,17,13
553150,22,16
553600,21,15
553950,17,13
554400,22,17
554450,20,15
554650,17,12
554700,23,17
554750,23,17
555000,22,17
555400,18,14
555650,23,17
555850,21,16
556000,22,16
556100,16,12
556150,21,16
556400,18,13
556500,17,12
556650,19,15
556750,22,17
556900,22,16
557100,18,14
558200,22,16
558350,20,15
558450,17,13
559050,17,12
559200,16,12
559450,19,14
559500,20,15
559550,20,15
559600,18,13
559750,19,14
559850,19,14
559950,22,17
560250,23,18
560450,17,12
560500,23,17
560550,24,18
560650,19,15
560800,16,12
561150,17,13
561250,21,16
561400,20,15
561500,16,12
561550,22,16
561750,21,16
561800,20,15
562050,23,18
562250,24,18
562350,17,13
562550,16,12
562650,20,15
562750,24,18
562800,16,12
562850,20,15
563600,23,18
563650,24,18
563700,16,12
563850,16,12
563950,21,16
564400,19,14
564450,22,16
564750,19,14
564800,19,14
564900,20,15
565250,24,18
565300,20,15
565500,24,18
566000,23,17
566100,24,18
566150,23,17
566250,18,14
566400,22,16
566600,19,14
567050,21,15
567250,16,12
567300,22,17
567450,21,16
567500,23,17
567600,21,16
567900,21,16
568150,18,13
568250,20,15
568300,18,14
568400,19,14
568500,22,17
569100,19,14
569150,19,14
569200,17,13
569600,16,12
569650,17,13
569750,23,17
569850,24,18
570300,23,17
570350,21,16
570800,20,15
571100,18,14
571250,17,13
571450,21,16
571600,22,17
571650,17,12
571750,21,16
571850,16,12
572000,16,12
572200,19,14
572900,22,17
573250,23,17
573350,20,15
573400,20,15
573650,20,15
573750,16,12
573800,18,14
573950,17,13
574000,20,15
574150,16,12
574200,17,13
574250,18,13
574400,16,12
574700,24,18
574900,22,17
575350,21,15
575400,16,12
576200,22,17
576250,23,17
576450,22,17
576500,16,12
576600,19,14
576950,24,18
577000,23,17
577400,16,12
577450,22,17
577500,21,16
577550,16,12
577900,16,12
578100,20,15
578150,24,18
578200,17,13
578300,19,14
578500,24,18
578950,21,16
579450,23,18
579700,23,17
579800,23,17
580050,22,17
580100,24,18
580450,23,17
580600,21,16
580650,19,14
580700,22,17
580800,20,15
580900,18,13
581000,18,13
581250,18,13
581300,23,17
581550,17,13
581800,16,12
582100,24,18
582550,17,13
582600,18,14
582650,19,14
583150,19,14
583400,24,18
583850,22,17
583900,19,14
584300,22,17
584600,20,15
584900,18,13
584950,16,12
585300,16,12
585550,16,12
586150,24,18
586500,23,17
586550,16,12
586800,18,13
587050,24,18
587250,22,17
587350,18,13
587400,24,18
587550,24,18
587600,24,18
587700,19,14
588100,24,18
588400,17,13
588550,19,14
588600,23,17
588850,20,15
589100,18,14
589200,18,13
589450,24,18
589500,19,15
589550,16,12
589750,24,18
589900,17,12
589950,21,16
590300,18,14
590750,24,18
590900,16,12
591250,19,15
591300,16,12
591900,19,14
592050,21,16
592350,20,15
592500,19,14
592650,21,16
592950,20,15
593200,19,15
593250,17,13
594050,24,18
594100,24,18
594200,20,15
594600,22,17
594750,24,18
594800,18,13
594950,19,14
595000,24,18
595050,19,14
595100,22,17
595150,19,14
595300,21,16
595600,18,13
595850,17,13
596200,24,18
596700,17,13
596750,21,16
596950,16,12
597100,16,12
597300,22,16
597400,20,15
597550,24,18
597650,24,18
597750,21,16
598000,23,17
598050,24,18
598100,20,15
598250,19,14
598400,24,18
598850,21,16
598950,20,15
599000,24,18
599650,19,14
599700,18,13
599750,18,14
600000,19,14
600600,20,15
600700,22,16
600850,17,13
601000,22,16
601100,22,17
601200,22,16
601250,24,18
601400,17,13
601450,22,17
601650,23,17
601700,22,17
601750,17,13
601850,21,16
602100,19,14
602600,23,17
602700,21,16
602850,20,15
603250,22,17
603350,22,17
603450,16,12
603600,24,18
603700,23,17
603800,24,18
604050,24,18
604200,22,17
604250,16,12
604300,16,12
604350,22,17
604400,18,13
604500,20,15
604650,18,13
604750,16,12
605000,23,18
605150,21,16
605300,22,17
605400,24,18
605500,23,18
605700,18,14
605900,24,18
605950,22,17
606150,24,18
606200,23,17
606250,23,18
606350,24,18
606450,18,13
606700,18,14
606800,22,17
606850,20,15
606950,23,17
607150,23,18
607400,20,15
607500,21,16
607700,20,15
607900,18,14
608200,20,15
608300,21,16
608350,22,17
608600,17,13
608650,24,18
608800,22,17
609500,22,16
609850,18,13
609950,24,18
610500,18,13
610700,21,16
610800,22,16
611000,19,14
611150,24,18
611350,21,16
611550,23,17
611750,22,17
612200,17,12
612350,23,17
612550,24,18
612700,16,12
612750,16,12
612950,24,18
613350,24,18
613600,22,16
613700,20,15
613800,18,13
614050,20,15
614100,24,18
614200,19,14
614500,24,18
614650,21,16
614900,20,15
614950,21,16
615000,17,13
615050,16,12
615100,17,13
615250,21,16
615350,19,14
615400,18,13
615550,16,12
615700,22,16
615850,24,18
616150,21,16
616300,19,14
616950,20,15
617000,24,18
617500,23,17
617800,24,18
618000,24,18
618050,17,12
618250,19,14
618850,23,17
618900,20,15
618950,17,13
619100,19,14
619400,22,16
619600,22,17
619800,20,15
619850,20,15
620350,19,15
620400,17,13
620650,19,14
620950,20,15
621000,18,13
621200,16,12
621250,17,13
621300,23,17
621350,23,17
621550,20,15
621650,21,16
621750,17,12
621900,22,17
622100,21,15
622150,24,18
622300,19,14
622500,17,13
622950,19,14
623050,21,16
623400,17,13
623450,20,15
623600,20,15
623650,21,15
623800,24,18
623900,18,13
624050,21,16
624300,22,17
624650,24,18
624750,19,14
625000,23,17
625250,19,14
625500,19,15
625700,17,12
625950,24,18
626100,23,17
626350,23,17
626400,19,14
626800,19,14
627100,19,14
627200,19,14
627600,18,14
627700,17,13
627850,16,12
628150,19,14
628200,18,14
628350,16,12
628550,21,16
628600,18,13
628650,21,16
628900,23,17
629100,17,13
629250,19,14
629550,17,13
629700,19,14
629850,24,18
629950,24,18
630350,21,16
630650,19,14
630700,18,13
630900,21,16
631000,18,13
631050,18,13
631550,19,14
631650,24,18
631800,17,12
632000,18,13
632250,24,18
632350,23,17
632400,22,17
632800,16,12
633050,16,12
633400,22,17
633550,24,18
633650,18,13
633800,23,17
633850,19,14
634100,20,15
634300,17,13
634650,21,16
634800,18,13
634900,16,12
634950,20,15
635000,18,14
635050,21,16
635500,21,16
635900,16,12
636600,18,13
636850,22,17
636900,24,18
637000,23,17
637050,17,13
637200,24,18
637300,17,12
637350,22,17
637700,16,12
637850,16,12
638050,22,17
638250,16,12
638300,18,13
638400,16,12
638600,16,12
638650,23,17
638700,20,15
638850,21,16
638900,22,17
638950,20,15
639400,19,14
639700,24,18
640250,20,15
640300,21,16
640400,20,15
640500,19,15
640700,22,17
640800,16,12
641100,21,15
641450,23,17
641750,24,18
641850,23,17
641900,19,14
642150,16,12
642300,24,18
642400,18,13
643200,23,17
643500,24,18
643700,23,17
643900,16,12
644250,21,16
644550,18,13
644750,17,13
644800,22,17
644850,21,16
645100,19,15
645400,24,18
645450,20,15
645650,18,13
645750,18,13
646200,24,18
646250,22,17
646400,23,17
646700,17,12
646800,22,17
646850,18,13
647000,17,13
647100,19,14
647250,19,14
647500,22,17
648000,17,13
648200,16,12
648250,17,13
648350,18,13
648450,17,12
649150,24,18
649200,21,16
649550,18,13
649700,16,12
649800,22,17
649900,24,18
650150,21,16
650300,22,17
650750,22,17
650850,23,17
650900,16,12
651300,23,17
651450,23,17
651650,24,18
651950,16,12
652000,20,15
652750,18,13
652800,23,17
652950,18,14
653250,23,17
653500,18,13
653800,16,12
654300,18,13
654500,18,13
654700,22,16
654850,16,12
654950,19,15
655050,21,15
655300,16,12
655500,23,17
655550,20,15
655700,17,12
655750,23,18
655800,21,16
656000,22,16
656350,23,17
656450,22,17
656700,19,14
656750,20,15
657100,18,14
657300,19,14
657400,24,18
657500,16,12
657650,18,13
657750,22,16
658000,20,15
658150,19,14
658600,19,14
658950,18,14
659000,18,13
659050,24,18
659100,18,14
659200,23,17
659250,19,15
659650,23,18
659900,24,18
660150,19,14
660350,24,18
660700,19,14
660750,22,16
660950,20,15
661100,16,12
661200,22,16
661250,23,18
661650,19,14
662200,24,18
662250,24,18
662500,17,13
662700,18,14
662900,18,13
663350,22,17
663550,23,17
663650,18,14
663700,16,12
664400,20,15
664450,18,13
664550,24,18
664950,16,12
665150,21,16
665250,18,13
665300,21,16
665350,16,12
665500,18,13
665850,23,17
666000,23,18
666150,17,13
666400,18,13
666750,19,15
667350,22,17
667450,23,17
667550,19,15
667800,23,17
667900,16,12
668050,22,17
668200,22,17
668600,19,14
668800,18,14
668900,17,13
669150,24,18
669350,22,17
669400,20,15
669450,18,13
669650,17,12
669750,16,12
670500,20,15
670550,17,13
670650,16,12
670900,23,17
671000,24,18
671150,21,16
671200,24,18
671350,18,14
671600,19,14
671650,17,13
671850,16,12
671950,20,15
672000,22,17
672250,23,18
672400,16,12
672450,17,13
673400,22,16
673450,20,15
673500,19,14
673850,20,15
673950,23,17
674000,24,18
674100,22,17
674300,20,15
674400,18,13
674500,16,12
674550,24,18
674600,22,17
674750,17,12
674900,23,17
675050,22,16
675100,19,14
675200,24,18
675650,17,13
675850,18,13
675950,22,16
676100,17,13
676200,19,14
676300,20,15
676650,17,12
676700,23,17
676850,16,12
676950,19,14
677100,23,18
677200,22,17
677250,18,13
677500,21,16
677650,19,14
677950,17,13
678350,22,17
678400,16,12
678450,16,12
678650,23,18
678800,21,16
679000,17,13
679100,20,15
679150,19,14
679300,20,15
679500,21,16
679600,23,18
679700,22,16
679750,17,13
679950,17,13
680000,20,15
680050,19,15
680250,21,16
680650,21,16
680850,21,15
680950,21,16
681150,18,14
682250,24,18
682600,18,13
682700,16,12
682800,18,13
683100,22,16
683300,22,17
683350,21,16
683400,24,18
683500,23,17
683650,24,18
683950,20,15
684100,20,15
684300,20,15
684550,19,14
684600,22,17
684650,22,16
685350,20,15
685700,18,14
685850,24,18
685900,22,17
686400,18,14
686800,22,17
686900,23,17
687150,21,16
687400,20,15
687450,21,16
688000,23,18
688150,23,17
688250,19,14
688300,16,12
688350,22,16
688600,16,12
688750,23,17
688800,23,18
688950,22,17
689000,23,17
689500,16,12
689700,21,16
689800,24,18
689900,20,15
690550,24,18
690700,20,15
690800,21,16
690900,21,16
691150,18,14
691500,17,13
691600,21,16
691750,23,17
691950,23,17
692000,22,17
692050,16,12
692150,18,13
692550,21,16
692650,24,18
692800,16,12
692850,18,13
692900,19,15
693000,19,14
693150,23,17
693700,16,12
693800,23,17
693900,22,17
694250,20,15
694300,22,17
694500,18,13
694550,20,15
694700,22,16
694850,22,16
694900,21,16
694950,24,18
695100,22,16
695300,24,18
695400,19,14
695850,20,15
695900,22,17
696000,23,17
696100,16,12
696750,17,13
697000,18,13
697200,18,14
697250,24,18
697750,16,12
697800,16,12
698650,21,16
698800,16,12
698950,19,14
699050,19,14
699300,24,18
699500,23,17
699700,20,15
700050,19,14
700950,21,16
701350,23,17
701450,23,18
701650,21,16
701950,18,13
702150,16,12
702650,24,18
702700,19,14
702750,23,17
702800,19,15
702900,24,18
703000,18,13
703050,23,17
703100,16,12
703150,17,12
703250,24,18
703300,16,12
703550,17,13
703600,18,13
703650,17,13
703950,18,13
704250,17,13
704300,20,15
704700,16,12
704750,23,17
704850,21,16
705000,23,17
705250,22,17
705300,23,18
705750,16,12
705850,23,17
705950,23,17
706100,16,12
706200,21,15
706250,16,12
706450,17,13
706850,20,15
706950,23,18
707100,20,15
707300,23,17
707500,17,13
708050,23,17
708100,20,15
708150,23,17
708250,24,18
708650,22,17
708750,17,13
708800,21,15
708900,23,18
709250,20,15
709350,19,14
709650,22,17
709800,21,16
710000,19,14
710400,17,12
710450,19,14
710500,18,14
711050,23,17
711200,23,17
711700,21,16
711950,17,13
712050,17,13
712200,20,15
713000,22,16
713100,21,16
713150,17,12
713500,17,13
714450,18,14
714900,16,12
715050,24,18
715200,19,14
715350,17,13
715700,22,16
715900,19,15
716000,24,18
716300,20,15
716700,22,16
716750,21,16
717250,16,12
717500,16,12
717800,20,15
717950,18,13
718300,23,18
718400,19,14
718550,22,17
718700,16,12
718850,18,13
719050,22,16
719100,20,15
719350,21,16
719500,23,18
719600,22,16
719750,16,12
720100,23,18
720250,21,16
720300,16,12
720600,18,14
720650,22,17
720750,17,13
720850,23,18
720900,21,15
720950,24,18
721000,21,15
722550,23,18
722600,16,12
722700,17,12
722750,16,12
723000,17,13
723050,19,14
723200,22,16
723250,22,17
723350,21,16
723450,22,17
723500,23,17
723700,17,13
724050,24,18
724150,18,13
724200,17,13
724250,24,18
724600,21,16
724650,24,18
724900,20,15
725100,23,17
725200,19,14
725350,17,12
725500,22,17
725550,17,13
725650,23,17
725700,23,17
726800,24,18
726900,17,12
726950,24,18
727100,20,15
727400,17,13
727550,20,15
727650,20,15
727800,22,16
727850,24,18
728100,18,13
728500,21,16
728650,24,18
728700,16,12
728900,18,14
729050,23,17
729200,24,18
729250,17,13
729350,24,18
729650,18,13
729750,22,17
729950,22,16
730000,22,17
730100,17,13
730450,23,17
730650,21,15
732300,24,18
732350,16,12
732400,16,12
732750,17,13
732900,22,17
733000,19,14
733050,24,18
733250,18,14
733800,19,14
733850,20,15
734050,20,15
734150,23,17
734200,17,13
734450,20,15
734650,18,14
734750,21,16
734900,18,13
734950,18,13
735000,24,18
735350,18,14
735500,22,17
735800,23,17
735950,17,13
736100,16,12
736250,19,14
736550,24,18
737000,22,17
737100,24,18
737200,16,12
737350,17,12
737550,17,13
737600,24,18
738200,17,12
738600,24,18
738700,18,13
738750,19,14
738850,20,15
739600,20,15
739650,18,13
739850,23,17
740200,21,16
740500,21,16
740600,22,16
740700,23,17
740800,18,13
740850,16,12
741300,16,12
741650,19,15
741800,24,18
741850,17,12
742000,20,15
742050,20,15
742200,17,13
742400,20,15
742450,23,17
742550,17,12
742900,23,18
743250,16,12
743450,23,17
743550,23,17
744200,21,16
744300,16,12
744400,18,13
744700,18,13
744850,19,14
745250,20,15
745300,22,16
745550,18,14
745600,18,13
745800,24,18
745900,17,13
746000,22,17
746200,16,12
746250,16,12
746350,21,16
746500,16,12
746800,17,13
747400,19,14
747550,23,17
747700,18,14
747800,23,18
747900,18,14
748050,16,12
748150,24,18
748200,22,16
748300,21,16
748350,22,17
748500,21,16
748550,16,12
748800,17,12
748900,20,15
749000,19,14
749350,22,16
749400,19,14
749600,18,13
749700,21,16
749800,19,14
749850,20,15
749900,20,15
750300,22,16
750500,19,14
750800,22,17
751050,17,13
751650,16,12
751700,24,18
751750,22,16
752100,20,15
752150,17,12
752450,23,17
752500,22,17
752700,24,18
752750,20,15
753250,18,13
753450,20,15
753500,24,18
753600,18,14
754050,16,12
754350,18,14
754400,20,15
754550,22,16
754700,22,17
754900,16,12
754950,18,13
755050,17,12
755300,19,14
755700,22,17
755950,16,12
756000,21,16
756100,23,17
756200,16,12
756400,22,17
756850,22,16
756950,23,18
757000,16,12
757150,24,18
757200,17,12
757250,17,13
757300,24,18
757350,24,18
757400,24,18
757650,17,13
757800,21,16
758050,23,17
758650,18,14
758700,17,13
759100,16,12
759350,17,13
759400,17,13
759650,19,14
759850,24,18
759950,21,16
760150,16,12
760500,24,18
760650,23,17
761050,24,18
761250,19,14
761450,20,15
761550,16,12
761700,21,16
761950,18,13
762100,21,16
762300,23,17
762350,18,14
762500,23,17
762550,16,12
762650,18,14
762750,21,16
762800,17,12
763450,21,16
763700,23,18
763900,17,12
763950,16,12
764000,19,14
764250,21,16
764400,20,15
764500,17,12
764650,18,13
764800,24,18
764950,24,18
765150,18,14
765250,20,15
765350,24,18
765500,18,13
765650,24,18
766100,19,14
766200,22,16
766250,22,17
766600,16,12
766650,17,13
766700,20,15
766800,21,16
766850,17,12
767350,18,14
767500,22,17
767550,19,14
767800,19,14
768100,19,14
768400,16,12
768450,18,14
768700,23,17
768900,19,14
769350,16,12
769900,21,16
770100,20,15
770300,23,17
770450,21,16
770550,22,16
770600,19,14
771000,18,14
771550,23,17
771650,16,12
771700,20,15
771900,16,12
773050,18,14
773150,22,16
773300,22,16
773400,21,16
773450,19,14
773850,19,15
774150,18,14
774500,20,15
774850,21,15
775000,24,18
775150,16,12
775250,18,13
775500,16,12
776000,22,16
776200,21,16
776350,18,13
776450,16,12
776850,23,17
776900,18,13
777000,21,16
777250,17,12
777350,24,18
777800,20,15
778250,18,14
778300,22,16
778750,16,12
779300,22,17
779650,16,12
779800,19,14
780150,22,17
780750,19,14
781200,20,15
781250,16,12
781350,16,12
781550,24,18
781950,16,12
782050,21,16
782100,23,17
782500,24,18
782650,21,16
782700,24,18
782750,18,14
782900,23,17
783050,17,12
783250,20,15
784400,18,14
784700,23,17
785000,24,18
785200,16,12
785250,16,12
785850,17,13
785950,24,18
786300,23,17
786350,23,18
786700,24,18
786800,19,14
786850,18,13
786950,19,14
787200,24,18
787250,18,14
787300,22,16
787500,18,14
787800,17,13
788050,23,17
788200,21,16
788600,21,16
788900,17,13
789050,24,18
789150,22,16
789250,21,16
789300,21,16
789450,18,14
789600,23,18
789650,22,16
789700,22,16
789750,23,17
789850,16,12
789900,19,14
790300,23,17
790600,19,14
790950,18,14
791150,23,17
791400,24,18
791550,18,14
791600,20,15
791650,19,14
791900,21,16
792050,17,13
792300,17,12
792400,21,16
792650,23,17
792900,18,13
793000,24,18
793300,21,16
793450,23,18
793950,22,16
794250,17,13
794500,16,12
794550,20,15
795100,24,18
795150,16,12
795600,23,17
796000,17,13
796050,20,15
796600,20,15
796700,24,18
796800,17,12
797000,17,13
797250,17,13
797300,16,12
797550,18,14
797600,24,18
797800,21,16
797950,20,15
798150,24,18
798950,23,18
799300,19,14
799350,23,17
799400,18,14
799900,18,13
799950,24,18
800050,16,12
800250,23,17
800650,17,12
800700,23,17
801000,19,14
801250,19,14
801300,17,13
801350,23,17
801450,16,12
802050,21,16
802100,16,12
802150,23,17
802450,23,17
802600,18,14
802900,20,15
803050,21,16
803100,19,15
803250,23,17
803600,21,16
803800,18,13
803850,19,14
804050,24,18
804100,16,12
804200,18,13
804250,24,18
804300,21,16
804350,19,14
804650,22,16
804900,24,18
804950,18,13
805350,18,14
805500,22,17
805700,18,14
805750,24,18
806050,16,12
806550,16,12
806750,16,12
807050,22,16
807100,17,13
807550,20,15
807800,24,18
807850,19,14
808200,17,13
808450,19,15
808550,18,13
808850,16,12
808950,22,17
809300,17,13
809450,20,15
809800,18,13
810300,24,18
810400,16,12
810600,22,16
810650,16,12
811100,21,15
811200,16,12
811400,22,17
811550,23,17
812000,23,18
812050,22,16
812250,16,12
812400,20,15
812500,23,17
812550,22,17
812850,19,14
812900,19,14
813050,20,15
813250,24,18
813500,17,13
813750,20,15
814000,20,15
814050,22,17
814100,21,16
814400,17,12
814450,18,14
814500,16,12
814550,22,17
814950,21,16
815000,16,12
815150,23,17
815200,24,18
815250,17,13
815300,17,13
815450,22,17
815600,18,14
815650,18,14
815700,16,12
815800,18,13
815900,19,14
816250,16,12
816300,18,13
816400,18,13
816500,23,17
816550,20,15
816600,20,15
816800,19,14
816850,21,16
817050,20,15
817400,16,12
817700,23,18
818000,20,15
818100,23,17
818400,16,12
818650,16,12
819000,22,17
819300,18,13
819450,19,14
819550,20,15
819950,22,17
820000,20,15
820100,18,13
820150,17,13
820550,23,17
820600,16,12
820650,23,17
820700,23,18
820950,18,14
821050,16,12
821100,19,14
821350,16,12
821600,18,14
822250,18,13
822300,20,15
822400,17,13
822800,18,13
822900,18,14
823050,23,18
823200,17,13
823300,22,16
823400,23,18
823600,20,15
823650,18,14
823800,20,15
824200,17,13
824400,18,14
824800,16,12
824900,17,13
824950,17,13
825250,24,18
825900,16,12
826000,24,18
826250,20,15
826350,21,15
826900,23,18
827000,22,17
827500,16,12
827600,19,15
827950,23,17
828000,22,16
828200,21,15
828400,16,12
828800,20,15
828950,16,12
829000,16,12
829300,21,15
829450,18,13
829700,18,14
829950,23,17
830050,23,17
830250,20,15
830500,19,14
830700,18,13
830750,23,17
830850,23,17
830900,16,12
831000,24,18
831150,22,16
831200,21,16
831700,22,16
831750,22,17
831950,22,16
832500,17,13
832550,16,12
833000,18,14
833100,17,13
833150,23,17
833300,22,16
833600,21,16
833800,19,14
833850,17,13
833900,23,17
833950,16,12
834100,20,15
834150,17,12
834200,23,17
834550,24,18
834750,18,13
834950,19,15
835050,21,16
835200,16,12
835350,22,17
835450,18,14
836100,19,14
836150,20,15
836400,22,17
836600,21,16
836750,21,16
837050,22,17
837300,23,17
837400,23,17
837600,19,14
837700,23,17
837750,16,12
837800,24,18
838050,23,18
838450,24,18
838500,19,15
838600,22,17
838700,24,18
838950,22,17
839000,21,16
839050,21,16
839300,19,15
839450,21,16
840100,21,16
840200,18,14
840250,22,17
840450,22,17
840750,16,12
840900,17,12
841250,22,16
841450,18,13
841650,24,18
841700,22,16
841800,24,18
842250,19,14
842450,22,17
842850,21,15
842900,21,16
843100,20,15
843400,17,12
843450,24,18
843900,23,18
844300,21,16
844400,23,17
844500,16,12
844900,24,18
844950,20,15
845100,18,13
845150,23,18
845250,20,15
845650,20,15
845700,20,15
845950,23,17
846000,20,15
846050,16,12
846250,24,18
846400,23,17
846450,24,18
846700,19,14
846750,23,18
846800,24,18
846850,22,16
847300,21,16
847350,17,13
847450,17,12
847550,23,17
847700,19,15
847950,16,12
848000,20,15
848050,17,13
848100,23,18
848200,17,12
848250,19,14
849000,21,16
849250,21,16
849300,23,17
849350,23,18
849550,23,17
849800,21,16
849900,19,14
850050,18,13
850250,20,15
850600,17,12
850750,21,16
850800,17,12
850850,22,16
851400,17,13
852100,17,13
852150,24,18
852350,20,15
852400,24,18
853250,21,16
853400,17,13
853550,21,16
853600,17,13
853950,18,13
854200,17,13
854300,19,14
854400,22,16
854450,17,13
854650,20,15
855050,20,15
855100,23,17
855200,22,16
855250,21,16
855350,19,14
855750,17,13
855850,17,13
856100,23,17
856900,18,14
857000,16,12
857350,24,18
857450,19,14
857750,16,12
857850,21,16
858350,20,15
858750,21,15
858900,16,12
858950,16,12
859100,19,14
859150,22,16
859200,17,13
859350,16,12
859450,24,18
859600,17,13
859750,17,13
859850,24,18
859900,22,17
860200,19,14
860350,19,14
861100,21,15
861150,19,15
861350,17,12
861750,19,14
861850,23,17
862250,23,17
862650,22,16
862750,19,15
862800,16,12
862900,22,17
863100,21,15
863150,24,18
863350,19,14
863400,21,16
863750,20,15
863850,16,12
864000,18,14
864050,16,12
864100,16,12
865000,22,17
865150,22,16
865550,17,13
865600,19,14
865650,18,13
865700,20,15
865900,18,14
866000,19,14
866100,23,17
866150,20,15
866200,19,14
866250,19,15
866300,19,14
866600,23,17
866700,20,15
866950,22,17
867150,21,16
867250,23,17
867450,24,18
867750,18,13
867800,23,17
868500,22,17
868650,17,12
868800,16,12
868900,18,13
869100,23,17
869200,22,17
869250,23,17
869300,20,15
869400,20,15
869450,17,13
869550,23,18
870100,23,18
870200,22,17
870250,22,16
870350,21,16
870450,19,14
870800,16,12
870850,23,18
871000,23,17
871050,20,15
871100,19,14
871800,24,18
872000,24,18
872200,21,16
872250,18,14
872300,17,13
872400,17,12
872650,24,18
872700,23,18
872850,23,18
872900,17,13
873450,19,14
873550,23,17
873650,17,13
874000,24,18
874050,21,16
874200,17,13
874450,17,13
874700,19,15
875000,22,17
875150,20,15
875200,23,18
875250,18,14
875300,18,14
875500,20,15
875650,20,15
875700,21,16
875750,17,12
875850,23,17
875950,19,14
876100,21,16
876150,24,18
876500,16,12
876800,22,16
877000,19,14
877550,23,18
877600,17,13
877650,19,14
877700,24,18
877750,21,16
877850,21,16
878000,24,18
878050,21,16
878200,21,16
878250,16,12
878300,20,15
878450,16,12
878600,20,15
879250,22,16
879300,16,12
879350,17,13
879500,23,17
879650,19,14
879700,16,12
879800,16,12
879900,20,15
880400,21,16
881000,21,16
881150,16,12
881200,22,17
881350,21,16
881500,16,12
881800,17,12
881900,20,15
882050,18,14
882100,18,13
882150,18,13
882450,17,12
882500,23,17
882550,17,12
882650,19,14
882750,23,17
882950,17,13
883200,23,17
884000,17,12
884650,21,15
885100,18,13
885900,21,16
885950,18,13
886350,16,12
886400,20,15
886600,16,12
887250,19,15
887300,22,16
887550,17,13
887600,22,17
887650,20,15
887800,16,12
888000,21,16
888050,23,18
888250,18,13
888300,21,15
888350,19,14
888450,17,13
888950,16,12
889050,21,16
889200,22,17
889300,16,12
889400,18,14
889450,23,17
889550,18,13
889600,24,18
889650,22,17
889700,21,15
889750,22,16
890050,19,14
890500,21,16
890600,21,16
890750,24,18
891350,20,15
891500,18,13
891700,24,18
891950,19,14
892050,16,12
892200,18,13
892300,20,15
892500,21,16
892600,19,14
893000,18,14
893050,21,16
893150,22,16
893250,18,13
893650,20,15
893700,24,18
893750,23,17
893850,23,17
894250,19,14
894550,16,12
894650,22,17
894700,20,15
894850,23,17
895000,17,13
895450,18,14
895700,20,15
895750,22,17
895800,20,15
895850,19,14
896250,23,18
896300,16,12
897000,23,17
897200,16,12
897450,24,18
897700,16,12
897800,17,12
898200,21,16
898250,18,14
898350,18,13
898400,19,14
898450,24,18
898550,20,15
898700,16,12
898800,19,14
899000,23,17
899100,22,17
899350,16,12
899450,16,12
899700,20,15
899900,23,17
900400,22,16
900600,24,18
900700,24,18
901350,21,16
901550,23,18
901750,20,15
901950,22,17
902050,17,12
902150,21,16
902200,23,17
902450,18,13
902500,22,16
902750,17,13
903000,22,16
903050,19,14
903100,20,15
903300,20,15
903600,22,17
903650,17,13
904000,19,14
904050,19,14
904100,20,15
904150,21,16
904550,16,12
904750,16,12
904800,17,13
905000,20,15
905500,20,15
906000,19,14
906550,21,15
906600,19,14
906700,22,16
906900,16,12
906950,21,15
907000,17,13
907150,16,12
907200,23,17
907250,20,15
907300,16,12
907350,21,16
907450,19,14
907950,20,15
908150,22,16
908200,19,14
908250,16,12
908400,17,13
908450,19,14
908550,19,14
909200,24,18
909450,18,13
910500,18,13
910550,18,14
910650,23,17
910750,16,12
911050,19,14
911150,17,13
911200,18,14
911250,24,18
911300,20,15
911400,22,16
911450,24,18
911700,18,13
912150,22,17
912200,16,12
912250,20,15
912350,21,15
912650,21,16
912750,21,16
912900,20,15
913050,18,14
913200,21,16
913250,16,12
913400,22,17
913450,21,16
913500,24,18
913700,24,18
913950,23,17
914500,17,13
915150,24,18
915450,23,18
915850,23,17
916050,17,12
916100,20,15
916200,16,12
916250,18,13
916350,16,12
916450,23,18
917050,16,12
917100,17,13
917300,16,12
918450,23,17
918500,24,18
918650,24,18
918850,19,14
919250,21,16
919550,17,12
919650,22,16
919950,21,16
920050,24,18
920500,20,15
920850,21,16
921000,23,17
921150,23,17
921300,21,16
921450,21,16
921600,18,13
921700,21,16
921900,18,13
922000,17,12
922050,20,15
922350,18,14
922550,17,12
922800,24,18
922850,22,16
923100,23,18
923350,23,18
923400,22,17
923750,22,16
923850,23,17
924200,19,14
924250,22,16
924500,21,16
924700,20,15
924900,20,15
925050,20,15
925300,22,16
925350,17,12
925600,19,14
925650,24,18
925900,23,17
925950,18,13
926000,18,13
926700,18,13
926800,20,15
927000,18,13
927050,16,12
927150,18,13
927200,24,18
927250,20,15
927550,16,12
927800,20,15
927900,21,16
927950,23,18
928100,21,16
928500,22,16
928750,21,16
929250,24,18
929300,17,13
929850,20,15
929950,22,17
930000,19,14
930700,24,18
931000,23,17
931100,20,15
931350,23,17
931400,16,12
931650,19,14
931750,18,14
931850,16,12
931900,24,18
932050,17,12
932650,18,13
932750,19,14
932800,18,14
933200,18,13
933300,16,12
933400,23,17
933550,20,15
933950,19,15
934250,23,17
934300,21,16
934500,23,17
934650,18,13
935200,22,17
935950,24,18
936100,17,12
936300,22,17
936500,23,17
936950,23,17
937100,23,18
937400,22,17
937450,24,18
937850,23,17
938000,17,13
938200,20,15
938350,18,13
938400,19,15
938500,22,17
938600,21,16
938700,18,13
938850,22,16
938900,24,18
939000,23,17
939350,20,15
939600,24,18
939950,17,13
940100,18,13
940150,21,16
940200,19,14
940250,21,16
940350,23,17
940650,20,15
940700,23,17
942000,22,16
942050,17,13
942200,20,15
942350,22,17
942700,16,12
942750,21,16
942850,22,16
943000,18,13
943050,20,15
943400,20,15
943750,17,13
943850,17,13
943900,18,13
944550,19,15
944600,17,13
944750,23,17
944800,16,12
945000,21,16
945050,17,12
945200,23,17
945700,17,13
945750,17,13
945800,21,16
945950,16,12
946200,22,17
946250,23,18
946400,22,16
946900,24,18
947050,17,13
947150,19,15
947300,17,13
947400,16,12
948150,18,13
948550,17,12
948600,17,13
948650,24,18
948700,24,18
948850,20,15
949100,19,14
949150,16,12
949650,24,18
949700,24,18
949850,17,12
950050,19,15
950500,21,16
950600,18,14
950700,21,16
950850,23,17
951200,16,12
951300,22,17
951550,19,14
951600,16,12
951850,22,16
952650,21,16
952700,21,16
952900,20,15
953400,21,15
953650,20,15
954050,16,12
954550,17,13
954600,24,18
954650,23,17
954750,17,12
954800,16,12
954850,19,14
955050,17,13
955100,24,18
955450,17,12
955700,18,13
955750,17,13
956100,24,18
956400,20,15
956700,18,13
956850,16,12
957200,23,18
957300,17,13
957400,16,12
957450,17,13
957500,19,14
957600,19,14
957650,17,13
957800,24,18
958100,23,17
958500,19,15
958900,16,12
959350,17,13
959500,19,14
959550,21,16
959600,20,15
959700,21,16
959950,19,14
960200,19,14
960400,20,15
960750,17,13
960950,16,12
961050,17,13
961100,23,18
961250,16,12
961300,16,12
961400,19,15
962100,19,14
962350,20,15
962400,20,15
962850,23,18
963000,23,17
963300,23,17
963950,22,17
964900,21,16
965400,22,17
965450,19,14
965600,20,15
965700,19,14
966100,17,12
966150,21,16
966300,24,18
966450,16,12
966500,24,18
966800,22,16
967050,16,12
967100,17,13
967900,23,17
968000,19,14
968050,21,16
968200,21,16
968350,23,17
968950,21,15
969200,16,12
969500,16,12
969550,24,18
969600,22,17
969900,19,14
970700,24,18
970750,16,12
970950,24,18
971000,16,12
971100,22,16
971200,19,14
971250,24,18
971300,21,16
971700,18,13
971900,19,14
972150,22,17
972200,23,17
972300,17,13
972350,17,13
972500,16,12
972550,18,13
972750,23,17
973050,18,13
973450,16,12
973500,17,13
973550,17,13
973900,16,12
974000,24,18
974250,21,16
974500,24,18
974750,24,18
975050,23,18
975250,16,12
975350,18,13
975550,22,17
975650,22,17
975700,21,16
975750,16,12
975950,16,12
976050,20,15
976300,18,14
976350,17,12
976400,21,15
976900,18,13
976950,22,16
977200,16,12
977500,16,12
977600,22,17
978450,23,17
979350,16,12
979450,21,16
979700,19,15
979950,19,14
980250,22,17
980450,18,13
980650,17,13
980800,23,17
981000,24,18
981150,20,15
981450,17,13
981550,24,18
982050,17,13
982250,18,14
982450,17,12
982600,22,17
982650,20,15
983000,23,18
983300,19,14
983500,20,15
983550,21,16
983700,17,12
983750,23,17
983950,17,12
984000,22,17
984700,22,17
984750,17,12
984900,18,13
984950,24,18
985000,19,14
985350,17,13
985500,17,12
985550,18,14
985600,17,12
985650,21,16
985750,19,14
986550,20,15
987900,20,15
988250,19,14
989050,24,18
989300,20,15
989550,24,18
989900,22,16
989950,20,15
990450,23,17
990500,20,15
990650,17,12
990700,23,17
990900,19,15
991050,21,15
991100,17,13
991150,17,13
991500,21,16
992200,18,13
992350,17,13
992850,24,18
992900,23,17
993000,18,14
993050,22,16
993350,16,12
993600,17,13
993850,24,18
994000,23,17
994050,21,16
994100,18,14
994350,16,12
994500,21,16
994600,16,12
994800,22,16
994850,22,17
994900,17,13
995000,16,12
995050,20,15
995250,20,15
995350,24,18
995450,22,16
995500,20,15
995550,18,13
995800,18,13
996050,18,13
996100,21,16
996200,19,14
996400,23,17
996600,19,14
996650,17,13
996850,16,12
996900,20,15
997150,16,12
997500,24,18
997750,22,17
997800,21,16
998050,17,13
998150,23,17
998400,19,14
998550,23,17
998650,21,16
998950,17,13
999050,16,12
999100,17,13
999150,23,17
999550,23,17
999650,17,12
999750,16,12
999850,22,16
